0,-3.141568e+00,2.597121e-01
1.000000e-02,-2.588697e+00,1.698046e-01
2.000000e-02,-1.703678e+00,4.394486e-01
3.000000e-02,-1.332463e+00,3.950372e-01
4.000000e-02,-1.670320e+00,1.738947e-01
5.000000e-02,-2.368305e+00,2.346518e-01
6.000000e-02,-1.176618e+00,8.182109e-02
7.000000e-02,-9.752886e-01,8.351015e-02
8.000000e-02,-1.078689e+00,7.668900e-02
9.000000e-02,-1.367880e+00,3.635534e-01
1.000000e-01,-1.172165e+00,8.988007e-02
1.100000e-01,-1.030952e+00,1.189441e-01
1.200000e-01,-9.662721e-01,4.914191e-02
1.300000e-01,-1.104067e+00,4.662718e-02
1.400000e-01,-4.422092e-01,1.040449e-01
1.500000e-01,-6.832846e-01,6.010186e-02
1.600000e-01,-9.311536e-01,6.293059e-02
1.700000e-01,-6.708591e-01,1.569017e-01
1.800000e-01,-5.374259e-01,3.333826e-02
1.900000e-01,-4.731245e-01,2.186410e-01
2.000000e-01,-6.326852e-02,1.274933e-02
2.100000e-01,-3.858363e-01,1.787003e-02
2.200000e-01,-2.933358e-01,1.339833e-02
2.300000e-01,-5.101678e-01,2.884463e-02
2.400000e-01,-3.749969e-01,1.913526e-01
2.500000e-01,-4.556052e-01,2.999204e-02
2.600000e-01,-2.981468e-01,1.870738e-02
2.700000e-01,-6.590972e-02,1.548096e-02
2.800000e-01,-2.643667e-01,2.345493e-02
2.900000e-01,2.387326e-01,2.312313e-02
3.000000e-01,3.812948e-01,7.223052e-02
3.100000e-01,2.409941e-01,1.731837e-02
3.200000e-01,2.389963e-01,1.430603e-02
3.300000e-01,2.913521e-01,2.244090e-02
3.400000e-01,2.781736e-01,1.485367e-01
3.500000e-01,9.489787e-02,2.761716e-02
3.600000e-01,4.487311e-01,2.176715e-02
3.700000e-01,4.550901e-01,1.264882e-02
3.800000e-01,3.845427e-01,1.588285e-02
3.900000e-01,5.690081e-01,6.522493e-02
4.000000e-01,4.922581e-01,1.371863e-02
4.100000e-01,3.956054e-01,5.713870e-03
4.200000e-01,7.892873e-01,4.634684e-02
4.300000e-01,7.636749e-01,8.081168e-03
4.400000e-01,8.849264e-01,4.649684e-02
4.500000e-01,8.513673e-01,4.454117e-02
4.600000e-01,5.742407e-01,6.954027e-03
4.700000e-01,9.620712e-01,4.680848e-03
4.800000e-01,6.650616e-01,1.474277e-02
4.900000e-01,7.406857e-01,1.279264e-02
5.000000e-01,8.752639e-01,9.630337e-03
5.100000e-01,1.007698e+00,6.915449e-03
5.200000e-01,1.055175e+00,5.962228e-03
5.300000e-01,7.771332e-01,9.669046e-03
5.400000e-01,9.321294e-01,1.320078e-02
5.500000e-01,1.110945e+00,1.559336e-02
5.600000e-01,1.095260e+00,5.802518e-03
5.700000e-01,1.221728e+00,1.429103e-02
5.800000e-01,1.314435e+00,1.025489e-02
5.900000e-01,1.259649e+00,2.827145e-02
6.000000e-01,1.246540e+00,1.585013e-02
6.100000e-01,1.210796e+00,4.630548e-02
6.200000e-01,1.517911e+00,3.075165e-02
6.300000e-01,1.604454e+00,1.187131e-02
6.400000e-01,1.604454e+00,1.187131e-02
6.500000e-01,1.543275e+00,9.925281e-03
6.600000e-01,1.681507e+00,1.666662e-02
6.700000e-01,1.522116e+00,1.232293e-02
6.800000e-01,1.660682e+00,7.987421e-03
6.900000e-01,1.740716e+00,1.887200e-02
7.000000e-01,1.726835e+00,1.342598e-02
7.100000e-01,1.845789e+00,9.338940e-03
7.200000e-01,1.734463e+00,1.948743e-02
7.300000e-01,1.793019e+00,1.527852e-02
7.400000e-01,1.777773e+00,1.734903e-02
7.500000e-01,1.920394e+00,1.083308e-02
7.600000e-01,1.921764e+00,1.176729e-02
7.700000e-01,2.184706e+00,1.993314e-02
7.800000e-01,2.032580e+00,6.219293e-03
7.900000e-01,2.305287e+00,2.776687e-02
8.000000e-01,2.347925e+00,2.290956e-02
8.100000e-01,2.237521e+00,6.071706e-02
8.200000e-01,2.386307e+00,1.776675e-02
8.300000e-01,2.401613e+00,3.477487e-02
8.400000e-01,2.713395e+00,5.619433e-02
8.500000e-01,2.512410e+00,3.450952e-02
8.600000e-01,2.574417e+00,5.783230e-02
8.700000e-01,2.708663e+00,3.588815e-02
8.800000e-01,2.610307e+00,2.360567e-02
8.900000e-01,2.741388e+00,3.034941e-02
9.000000e-01,3.225129e+00,4.944527e-02
9.100000e-01,2.706613e+00,9.310673e-02
9.200000e-01,3.278883e+00,1.341109e-01
9.300000e-01,3.154510e+00,4.150133e-02
9.400000e-01,3.498770e+00,1.217744e-01
9.500000e-01,3.456554e+00,9.800361e-02
9.600000e-01,3.399599e+00,5.511833e-02
9.700000e-01,3.603782e+00,1.331246e-01
9.800000e-01,4.781043e+00,1.677431e-01
9.900000e-01,3.758009e+00,3.661628e-01